纳刀术,2,击晕术,1,2,2,0
弱点特效,2,,0,3,0,0
高速变形,2,减轻后坐力,1,2,2,0
高速变形,2,无伤,2,3,0,0
拔刀术【力】,3,纳刀术,1,1,0,0
回避性能,2,翔虫使,1,2,2,0
体术,3,回避距离提升,2,3,0,0
回避性能,3,道具使用强化,1,2,2,0
弱点特效,1,翔虫使,3,1,0,0
回避距离提升,2,拔刀术【力】,2,3,0,0
体术,3,昏厥耐性,1,4,0,0
翔虫使,2,高速变形,2,2,1,0
破坏王,3,纳刀术,2,2,0,0
风压耐性,1,体术,2,2,2,0
翔虫使,2,攻击,1,2,0,0
快吃,3,耳塞,1,2,0,0
翔虫使,2,昏厥耐性,2,2,0,0
泡沫之舞,3,走壁移动【翔】,1,3,0,0
刃鳞打磨,2,,0,2,0,0
精灵加护,3,高速变形,1,2,1,0
精灵加护,3,回避性能,2,2,0,0
连击,2,,0,3,1,0
砥石使用高速化,2,看破,2,3,1,0
纳刀术,2,回避性能,1,2,1,1
攻击,2,,0,4,0,0
高速变形,2,翔虫使,2,4,0,0
耳塞,3,雷属性攻击强化,2,3,1,1
翔虫使,3,吹笛名人,1,4,0,0
逆袭,2,精灵加护,2,3,2,1
纳刀术,2,水属性攻击强化,1,3,1,1
通常弹・连射箭强化,2,,0,4,0,0
防御性能,3,,0,3,0,0
攻势,2,看破,1,2,0,0
回避距离提升,2,减轻后坐力,1,3,2,0
超会心,1,装填速度,1,4,0,0
回避性能,2,泡沫之舞,1,3,2,1
弱点特效,2,,0,1,1,1
合气,1,纳刀术,2,4,0,0
快吃,1,广域化,2,3,1,0
耳塞,2,高速变形,2,4,0,0
泡沫之舞,2,纳刀术,2,3,2,0
滑走强化,1,墙面移动,3,2,2,0
合气,2,滑走强化,1,3,2,0
泡沫之舞,3,逆袭,1,4,0,0
体术,2,利刃,1,4,0,0
回避距离提升,2,减轻后坐力,2,3,1,0
纳刀术,3,拔刀术【力】,1,3,2,0
挑战者,1,无伤,1,3,0,0
合气,2,攻势,1,3,1,0
纳刀术,2,冰属性攻击强化,2,3,1,0
高速变形,3,水属性攻击强化,1,3,1,1
昏厥耐性,2,龙属性攻击强化,1,3,2,1
精神抖擞,2,,0,3,1,0
弹丸节约,2,,0,3,1,0
鬼火缠,2,,0,4,0,0
特殊射击强化,2,,0,1,1,1
砥石使用高速化,3,提供,1,4,0,0
火场怪力,2,回避距离提升,1,3,0,0
体力回复量提升,3,剥取铁人,1,4,0,0
滑走强化,1,体术,2,3,2,0
无伤,2,,0,3,1,0
鬼火缠,1,装填速度,2,4,0,0
破坏王,1,刃鳞打磨,1,3,1,1
泡沫之舞,2,打磨术【锐】,2,1,1,0
耐力急速回复,1,翔虫使,2,1,1,1
合气,2,广域化,1,4,0,0