冥渊缠铠【怒躯】,3,0,0,0,0,0,0,0,0,体术,1,,,,,,,,
冰狼龙头盔,5,0,0,0,0,0,0,0,0,攻击守势,1,,,,,,,,
博爱护手,10,2,-4,0,0,0,1,0,0,,,,,,,,,,
友爱头盔,-6,-3,0,0,0,0,0,1,1,,,,,,,,,,
友爱护腿,0,0,0,1,-4,0,0,0,1,精灵加护,1,装填速度,1,,,,,,
友爱护腿,3,0,0,0,4,0,0,0,0,超会心,1,弹丸节约,-1,,,,,,
土砂龙X腕甲,30,0,0,0,0,2,0,0,1,坚如磐石,1,攻击守势,-1,,,,,,
帝王X冠,6,-1,0,-2,0,0,1,0,0,提供,1,,,,,,,,
月光【手甲】,-8,0,0,0,0,0,0,0,1,体术,1,,,,,,,,
月光【腿甲】,3,0,-2,0,0,0,0,1,0,满足感,1,,,,,,,,
棘龙双手,2,-3,0,0,2,0,0,0,0,翔虫使,1,,,,,,,,
火龙X腰甲,7,0,0,0,0,0,0,1,0,飞身跃入,1,,,,,,,,
爆鳞龙X腰甲,2,0,1,0,0,0,0,0,1,,,,,,,,,,
爵银龙护腿,7,1,0,-2,0,-3,0,1,0,夺取耐力,1,,,,,,,,
爵银龙腕甲,6,-2,0,0,0,2,0,1,0,,,,,,,,,,
电龙头盔,-7,0,0,-3,0,-3,0,0,0,冰属性攻击强化,1,刚刃打磨,1,合气,1,,,,
电龙头盔,-7,0,0,-3,0,-3,0,0,0,冰属性攻击强化,1,刚刃打磨,1,合气,1,,,,
电龙铠甲,3,0,0,0,-2,0,0,0,1,冰属性攻击强化,1,提供,1,,,,,,
神凪・洸【元結】,9,0,-2,-2,0,0,0,0,0,体术,1,,,,,,,,
祸铠・怨【腰具】,-9,0,0,0,0,0,0,1,0,装填速度,1,,,,,,,,
翼蛇龙套装X手套,6,0,0,0,0,0,0,0,0,蓄力大师,1,,,,,,,,
花瓣X叶片,28,-2,0,0,0,-3,0,0,1,植生学,-1,回避距离提升,1,,,,,,
蛮颚龙X腰甲,20,1,0,0,-2,0,0,1,0,,,,,,,,,,
金黄澄月头盔,5,0,-1,0,0,0,0,0,1,,,,,,,,,,
金黄澄月腕甲,-6,0,0,0,0,-2,0,0,0,骑乘名人,1,连击,1,,,,,,
金黄澄月铠甲,-3,0,0,0,-1,0,0,0,1,拔刀术【力】,1,,,,,,,,
钢龙X强力,4,0,0,0,2,0,0,0,0,耐力急速回复,1,火场怪力,1,匠,-1,,,,
银白耀日头盔,11,0,-2,-2,-3,0,0,1,0,,,,,,,,,,
银白耀日护腿,5,0,0,0,0,2,0,0,0,回复速度,1,,,,,,,,
银白耀日铠甲,1,0,0,0,0,0,0,0,0,翔虫使,1,,,,,,,,
铸铁X护腿,16,-1,-2,0,0,-1,0,0,0,属性异常状态的耐性,1,翔虫使,1,,,,,,
风卷之足・真,-8,0,-2,0,0,0,0,1,1,,,,,,,,,,
鸣神之臂・真,-12,0,0,2,0,0,0,1,0,,,,,,,,,,
鸣神之首・真,4,-2,2,0,0,0,0,1,0,,,,,,,,,,